Define CharList
 (' ' ,'!' ,'"' ,'#' ,'$' ,'%' ,'&' ,"'" ,
'(' ,')' ,'*' ,'+' ,',' ,'-' ,'.' ,'/' ,'0' ,'1' ,'2' ,'3' ,'4' ,'5' ,'6' ,'7' ,'8' ,'9' ,':' ,';' ,
'<' ,'=' ,'>' ,'?' ,'@' ,'A' ,'B' ,'C' ,'D' ,'E' ,'F' ,'G' ,'H' ,'I' ,'J' ,'K' ,'L' ,'M' ,'N' ,'O' ,
'P' ,'Q' ,'R' ,'S' ,'T' ,'U' ,'V' ,'W' ,'X' ,'Y' ,'Z' ,'[' ,']' ,'^' ,'_' ,'`' ,'a' ,'b' ,'c' ,
'd' ,'e' ,'f' ,'g' ,'h' ,'i' ,'j' ,'k' ,'l' ,'m' ,'n' ,'o' ,'p' ,'q' ,'r' ,'s' ,'t' ,'u' ,'v' ,'w' ,
'x' ,'y' ,'z' ,'{' ,'|' ,'}' ,'~' ,'' ,'Ä' ,'Å' ,'Ç' ,'É' ,'Ñ' ,'Ö' ,'Ü' ,'á' ,'à' ,'â' ,'ä' ,'ã' ,
'å' ,'ç' ,'é' ,'è' ,'ê' ,'ë' ,'í' ,'ì' ,'î' ,'ï' ,'ñ' ,'ó' ,'ò' ,'ô' ,'ö' ,'õ' ,'ú' ,'ù' ,'û' ,'ü' ,
'†' ,'°' ,'¢' ,'£' ,'§' ,'•' ,'¶' ,'ß' ,'®' ,'©' ,'™' ,'´' ,'¨' ,'≠' ,'Æ' ,'Ø' ,'∞' ,'±' ,'≤' ,'≥' ,
'¥' ,'µ' ,'∂' ,'∑' ,'∏' ,'π' ,'∫' ,'ª' ,'º' ,'Ω' ,'æ' ,'ø' ,'¿' ,'¡' ,'¬' ,'√' ,'ƒ' ,'≈' ,'∆' ,'«' ,
'»' ,'…' ,' ' ,'À' ,'Ã' ,'Õ' ,'Œ' ,'œ' ,'–' ,'—' ,'“' ,'”' ,'‘' ,'’' ,'÷' ,'◊' ,'ÿ' ,'Ÿ' ,'⁄' ,'€' ,
'‹' ,'›' ,'ﬁ' ,'ﬂ' ,'‡' ,'·' ,'‚' ,'„' ,'‰' ,'Â' ,'Ê' ,'Á' ,'Ë' ,'È' ,'Í' ,'Î' ,'Ï' ,'Ì' ,'Ó' ,'Ô' ,
'' ,'Ò' ,'Ú' ,'Û' ,'Ù' ,'ı' ,'ˆ' ,'˜' ,'¯' ,'˘' ,'˙' ,'˚' ,'¸' ,'˝' ,'ˇ' );
Define WidthList
 (  6 ,6 ,6 ,6 ,6 ,6 ,6 ,6 ,
6 ,6 ,6 ,6 ,6 ,6 ,6 ,6 ,6 ,6 ,6 ,6 ,6 ,6 ,6 ,6 ,6 ,6 ,6 ,6 ,
6 ,6 ,6 ,6 ,6 ,6 ,6 ,6 ,6 ,6 ,6 ,6 ,6 ,6 ,6 ,6 ,6 ,6 ,6 ,6 ,
6 ,6 ,6 ,6 ,6 ,6 ,6 ,6 ,6 ,6 ,6 ,6 ,6 ,6 ,6 ,6 ,6 ,6 ,6 ,
6 ,6 ,6 ,6 ,6 ,6 ,6 ,6 ,6 ,6 ,6 ,6 ,6 ,6 ,6 ,6 ,6 ,6 ,6 ,6 ,
6 ,6 ,6 ,6 ,6 ,6 ,6 ,6 ,6 ,6 ,6 ,6 ,6 ,6 ,6 ,6 ,6 ,6 ,6 ,6 ,
6 ,6 ,6 ,6 ,6 ,6 ,6 ,6 ,6 ,6 ,6 ,6 ,6 ,6 ,6 ,6 ,6 ,6 ,6 ,6 ,
6 ,6 ,6 ,6 ,6 ,6 ,6 ,6 ,6 ,6 ,6 ,6 ,6 ,6 ,6 ,6 ,6 ,6 ,6 ,6 ,
6 ,6 ,6 ,6 ,6 ,6 ,6 ,6 ,6 ,6 ,6 ,6 ,6 ,6 ,6 ,6 ,6 ,6 ,6 ,6 ,
6 ,6 ,6 ,6 ,6 ,6 ,6 ,6 ,6 ,6 ,6 ,6 ,6 ,6 ,6 ,6 ,6 ,6 ,6 ,6 ,
6 ,6 ,6 ,6 ,6 ,6 ,6 ,6 ,6 ,6 ,6 ,6 ,6 ,6 ,6 ,6 ,6 ,6 ,6 ,6 ,
6 ,6 ,6 ,6 ,6 ,6 ,6 ,6 ,6 ,6 ,6 ,6 ,6 ,6 ,1 );
Define RectList
 ((0 ,0 ,7 ,16) ,(0 ,0 ,7 ,16) ,(0 ,0 ,7 ,16) ,(0 ,0 ,7 ,16) ,(0 ,0 ,7 ,16) ,(0 ,0 ,7 ,16) ,(0 ,0 ,7 ,16) ,(0 ,0 ,7 ,16) ,(0 ,0 ,7 ,16) ,(0 ,0 ,7 ,16) ,(0 ,0 ,7 ,16) ,(0 ,0 ,7 ,16) ,(0 ,0 ,7 ,16) ,(0 ,0 ,7 ,16) ,(0 ,0 ,7 ,16) ,(0 ,0 ,7 ,16) ,(0 ,0 ,7 ,16) ,(0 ,0 ,7 ,16) ,(0 ,0 ,7 ,16) ,(0 ,0 ,7 ,16) ,(0 ,0 ,7 ,16) ,(0 ,0 ,7 ,16) ,(0 ,0 ,7 ,16) ,(0 ,0 ,7 ,16) ,(0 ,0 ,7 ,16) ,(0 ,0 ,7 ,16) ,(0 ,0 ,7 ,16) ,(0 ,0 ,7 ,16) ,(0 ,0 ,7 ,16) ,(0 ,0 ,7 ,16) ,(0 ,0 ,7 ,16) ,(0 ,0 ,7 ,16) ,(0 ,0 ,7 ,16) ,(0 ,0 ,7 ,16) ,(0 ,0 ,7 ,16) ,(0 ,0 ,7 ,16) ,(0 ,0 ,7 ,16) ,(0 ,0 ,7 ,16) ,(0 ,0 ,7 ,16) ,(0 ,0 ,7 ,16) ,(0 ,0 ,7 ,16) ,(0 ,0 ,7 ,16) ,(0 ,0 ,7 ,16) ,(0 ,0 ,7 ,16) ,(0 ,0 ,7 ,16) ,(0 ,0 ,7 ,16) ,(0 ,0 ,7 ,16) ,(0 ,0 ,7 ,16) ,(0 ,0 ,7 ,16) ,(0 ,0 ,7 ,16) ,(0 ,0 ,7 ,16) ,(0 ,0 ,7 ,16) ,(0 ,0 ,7 ,16) ,(0 ,0 ,7 ,16) ,(0 ,0 ,7 ,16) ,(0 ,0 ,7 ,16) ,(0 ,0 ,7 ,16) ,(0 ,0 ,7 ,16) ,(0 ,0 ,7 ,16) ,(0 ,0 ,7 ,16) ,(0 ,0 ,7 ,16) ,(0 ,0 ,7 ,16) ,(0 ,0 ,7 ,16) ,(0 ,0 ,7 ,16) ,(0 ,0 ,7 ,16) ,(0 ,0 ,7 ,16) ,(0 ,0 ,7 ,16) ,(0 ,0 ,7 ,16) ,(0 ,0 ,7 ,16) ,(0 ,0 ,7 ,16) ,(0 ,0 ,7 ,16) ,(0 ,0 ,7 ,16) ,(0 ,0 ,7 ,16) ,(0 ,0 ,7 ,16) ,(0 ,0 ,7 ,16) ,(0 ,0 ,7 ,16) ,(0 ,0 ,7 ,16) ,(0 ,0 ,7 ,16) ,(0 ,0 ,7 ,16) ,(0 ,0 ,7 ,16) ,(0 ,0 ,7 ,16) ,(0 ,0 ,7 ,16) ,(0 ,0 ,7 ,16) ,(0 ,0 ,7 ,16) ,(0 ,0 ,7 ,16) ,(0 ,0 ,7 ,16) ,(0 ,0 ,7 ,16) ,(0 ,0 ,7 ,16) ,(0 ,0 ,7 ,16) ,(0 ,0 ,7 ,16) ,(0 ,0 ,7 ,16) ,(0 ,0 ,7 ,16) ,(0 ,0 ,7 ,16) ,(0 ,0 ,7 ,16) ,(0 ,0 ,7 ,16) ,(0 ,0 ,7 ,16) ,(0 ,0 ,7 ,16) ,(0 ,0 ,7 ,16) ,(0 ,0 ,7 ,16) ,(0 ,0 ,7 ,16) ,(0 ,0 ,7 ,16) ,(0 ,0 ,7 ,16) ,(0 ,0 ,7 ,16) ,(0 ,0 ,7 ,16) ,(0 ,0 ,7 ,16) ,(0 ,0 ,7 ,16) ,(0 ,0 ,7 ,16) ,(0 ,0 ,7 ,16) ,(0 ,0 ,7 ,16) ,(0 ,0 ,7 ,16) ,(0 ,0 ,7 ,16) ,(0 ,0 ,7 ,16) ,(0 ,0 ,7 ,16) ,(0 ,0 ,7 ,16) ,(0 ,0 ,7 ,16) ,(0 ,0 ,7 ,16) ,(0 ,0 ,7 ,16) ,(0 ,0 ,7 ,16) ,(0 ,0 ,7 ,16) ,(0 ,0 ,7 ,16) ,(0 ,0 ,7 ,16) ,(0 ,0 ,7 ,16) ,(0 ,0 ,7 ,16) ,(0 ,0 ,7 ,16) ,(0 ,0 ,7 ,16) ,(0 ,0 ,7 ,16) ,(0 ,0 ,7 ,16) ,(0 ,0 ,7 ,16) ,(0 ,0 ,7 ,16) ,(0 ,0 ,7 ,16) ,(0 ,0 ,7 ,16) ,(0 ,0 ,7 ,16) ,(0 ,0 ,7 ,16) ,(0 ,0 ,7 ,16) ,(0 ,0 ,7 ,16) ,(0 ,0 ,7 ,16) ,(0 ,0 ,7 ,16) ,(0 ,0 ,7 ,16) ,(0 ,0 ,7 ,16) ,(0 ,0 ,7 ,16) ,(0 ,0 ,7 ,16) ,(0 ,0 ,7 ,16) ,(0 ,0 ,7 ,16) ,(0 ,0 ,7 ,16) ,(0 ,0 ,7 ,16) ,(0 ,0 ,7 ,16) ,(0 ,0 ,7 ,16) ,(0 ,0 ,7 ,16) ,(0 ,0 ,7 ,16) ,(0 ,0 ,7 ,16) ,(0 ,0 ,7 ,16) ,(0 ,0 ,7 ,16) ,(0 ,0 ,7 ,16) ,(0 ,0 ,7 ,16) ,(0 ,0 ,7 ,16) ,(0 ,0 ,7 ,16) ,(0 ,0 ,7 ,16) ,(0 ,0 ,7 ,16) ,(0 ,0 ,7 ,16) ,(0 ,0 ,7 ,16) ,(0 ,0 ,7 ,16) ,(0 ,0 ,7 ,16) ,(0 ,0 ,7 ,16) ,(0 ,0 ,7 ,16) ,(0 ,0 ,7 ,16) ,(0 ,0 ,7 ,16) ,(0 ,0 ,7 ,16) ,(0 ,0 ,7 ,16) ,(0 ,0 ,7 ,16) ,(0 ,0 ,7 ,16) ,(0 ,0 ,7 ,16) ,(0 ,0 ,7 ,16) ,(0 ,0 ,7 ,16) ,(0 ,0 ,7 ,16) ,(0 ,0 ,7 ,16) ,(0 ,0 ,7 ,16) ,(0 ,0 ,7 ,16) ,(0 ,0 ,7 ,16) ,(0 ,0 ,7 ,16) ,(0 ,0 ,7 ,16) ,(0 ,0 ,7 ,16) ,(0 ,0 ,7 ,16) ,(0 ,0 ,7 ,16) ,(0 ,0 ,7 ,16) ,(0 ,0 ,7 ,16) ,(0 ,0 ,7 ,16) ,(0 ,0 ,7 ,16) ,(0 ,0 ,7 ,16) ,(0 ,0 ,7 ,16) ,(0 ,0 ,7 ,16) ,(0 ,0 ,7 ,16) ,(0 ,0 ,7 ,16) ,(0 ,0 ,7 ,16) ,(0 ,0 ,7 ,16) ,(0 ,0 ,7 ,16) ,(0 ,0 ,7 ,16) ,(0 ,0 ,7 ,16) ,(0 ,0 ,7 ,16) ,(0 ,0 ,7 ,16) ,(0 ,0 ,7 ,16) ,(0 ,0 ,7 ,16) ,(0 ,0 ,7 ,16) ,(0 ,0 ,7 ,16) ,(0 ,0 ,7 ,16) ,(0 ,0 ,7 ,16) ,(0 ,0 ,7 ,16) ,(0 ,0 ,7 ,16) ,(0 ,0 ,7 ,16) ,(0 ,0 ,7 ,16) ,(0 ,0 ,7 ,16) ,(0 ,0 ,7 ,16) ,(0 ,0 ,7 ,16) ,(0 ,0 ,7 ,16) ,(0 ,0 ,7 ,16) ,(0 ,0 ,7 ,16) ,(0 ,0 ,7 ,16) ,(0 ,0 ,7 ,16) ,(0 ,0 ,7 ,16) ,(0 ,0 ,7 ,16) ,(0 ,0 ,7 ,16) ,(0 ,0 ,7 ,16) ,(0 ,0 ,7 ,16) );

CreateLayer               Main;
LayerSetImage             Main 'BrianneTod12';
LayerSetAscent            Main 12;
LayerSetCharWidths        Main CharList WidthList;
LayerSetCharWidths        Main (' ') (4);
LayerSetImageMap          Main CharList RectList;
LayerSetAscentPadding     Main 0;
LayerSetLineSpacingOffset Main 0;
LayerSetPointSize         Main 13;

SetDefaultPointSize  13;
