200
15
1,80 0
[5 30]
[100 200]
50
50
0.03
0.03
5.0
0 20
0 10
[-1120 1120] [-300 300]
200
15
1,80 0
[5 30]
[100 200]
50
50
0.03
0.03
5.0
0 20
0 10
[-1120 1120] [-300 300]
0 40,40
40
.9,80 0
[.7 1.1]
.9,80 0
21
-2
[50 60]
100
[-5 5] [-20 20]
0 [20 300],60 [25 310]
1 0
1 0
50
50
1,80 0
[1 50]
[300 600]
50
50
0.05
0.05
5.0
[-720 720] [-90 90],80
150
14
1,70 0
1
.7 0
0
.5,60 0
1,80 0
[10 50]
[2000 2500]
[40 60]
200
0.15,40 1
0.18,40 1
[-200 200]
150
14
1,70 0
1
.9 .4
0
[1.2 1.6],60 0
1,80 0
[10 50]
[500 1200]
[40 60]
200
0.12,40 1
0.18,40 1
[-200 200]
1
50
0 6,20
[-50 0]
30
80
1,90 0,100
[.2 .4]
[170 200]
[500 800]
13.0
[-720 720] 0
150
14
1,70 0
.4
0
.6
.5,60 0
1,80 0
[10 50]
[2000 2500]
[40 60]
200
0.15,40 1
0.18,40 1
[-200 200]
150
14
1,70 0
.4
0
0 .6
[1.2 1.6],60 0
1,80 0
[10 50]
[500 1200]
[40 60]
200
0.12,40 1
0.18,40 1
[-200 200]
1
40
1
330.0
180
180
1,95 0,100
.8
[150 185]
17.0
90.0
[-720 720] 0,40
.3 .3,40 0,50
[-3 -6] 0,40
1
40.0
60
1,90 0,100
.8
[90 185]
15.0
60.0
[0 360] 0,40
.5
[3 6]
1
200.0
50
1,80 0,100
.8
[100 140]
17.0
90.0
[-200 -400] 0,40
.3
[-3 -6]
1
200.0
50
1,80 0,100
.8
[120 180]
17.0
90.0
[-200 -400] 0,40
.3
[-3 -6]
1
200.0
50
1,80 0,100
.8
[120 180]
17.0
90.0
[-200 -400] 0,40
.3
[-3 -6]
1
50
1,80 0,100
.8
200.0
[120 160]
17.0
90.0
100
30
[-200 -600] [-100 -300]
.3
[-3 -6]
1
200.0
40
1,60 0,100
.8
[120 180]
17.0
30.0
[-200 -400] 0,40
.3
[-3 -6]
1
200.0
40
1,60 0,100
.8 .33
1 3
[120 180]
17.0
[-200 -400] 0,40
1
200.0
50
1,80 0,100
-1
-0.8
[180 240]
17.0
90.0
[200 400] 0,40
.3
[3 6]
1
50
.2 .5,7
50
1,90 0,100
1 0 0
1 0 0
1
200.0
40
1,60 0,100
.8
[100 120]
0
17.0
30.0
[-200 -400] 0,40
.3
[-3 -6]
1
330.0
180
1,95 0,100
.8
[150 185]
17.0
90.0
[-720 720] 0,40
.3 .3,40 0,50
[-3 -6] 0,40
1
500.0
180
1,95 0,100
.8
[150 170]
17.0
90.0
[-1720 1720] 0,40
.3 .3,40 0,50
[-300 -350] 0,40
1
330.0
180
1,95 0,100
.8
[150 185]
17.0
90.0
[-720 720] 0,40
.3 .3,40 0,50
[-3 -6] 0,40
1
500.0
180
1,95 0,100
.8
[150 170]
17.0
90.0
[-1720 1720] 0,40
.3 .3,40 0,50
[-300 -350] 0,40
1
500.0
180
1,95 0,100
.8
[150 170]
17.0
90.0
[-5720 5720] 0,40
.3 .3,40 0,50
[-300 -350] 0,40
200 100
1,70 0
1,80 0
[.7 .9]
[0 25] [0 1]
[-130 0] [-100 0]
100.0
[10 25]
200
[90 180]
0.05
0.05
10.0
0 740
30 0
[-1720 1720]
50,70 0,90
0,0 10,40 100,50 0,70
1,70 0
1,92 0
[.7 .9]
[0 75]
[-25 25]
[100 200] [100 200] [100 200]
[30 40]
120
[150 210]
[-1720 1720]
0.02
0.02
5.0
8
1,85 0
[.7 .9]
[0 10]
[300 500]
30
30
[110 250]
[-520 520]
0.08
0.08
8.0
16
1,85 0
[.7 1]
[0 10]
[200 300]
40
40
[110 250]
[-100 100]
0.03
0.01
8.0
1,1 0,40
1,97 0
[100 140]
200
10
-25
200
2 0
2 0
0
-50,19 -10,22 -8,80 -30,90
1,20 0.3,22 0,80 1,85
50,70 0,90
0,0 10,40 100,50 0,90
1,70 0
1,92 0
[.7 .9]
[-25 25]
[-30 0]
[100 200] [100 200] [100 200]
[30 40]
200
[120 240]
[-1720 1720]
0.02
0.02
5.0
6
1,97 0
0,0 [.7 .9],10
[5 15]
[-18 -12]
200
200
[-5 5] [-25 25],50
0 [12 18],50
2 0
2 0
20
1,70 0
1,92 0
[.3 .8]
[-25 25]
[-10 -18]
[40 50]
400
[100 200]
[140 220]
[-720 720]
0.02
0.02
5.0
0 30
20,0 0,5
1,70 0
1,92 0
[.7 .9]
[-35 35]
-14
[50 400]
[30 40]
500
[140 220]
[-720 720]
0.015
0.015
5.0
1,49 0,50
1,95 0
50
60
0
0
.1 .8 .5
1.5
6 -20 -5
12
[80 200]
[1 1]
0 1,20 1,80 0
[23 800]
[28 74]
1
40
100
1
.9
.4
0 EaseInOutWeak 10 EaseInOutWeak 0
1
100
100
1
1
62
6
6
1,40 0
1
.9
0
[.2 .4]
1,80 0
[10 50]
[100 100]
[20 20]
200
0.0,40 0
0.0,40 0
0
[-1400 1400]
1
1
150
1,90 0
1.15 .9
.6 1
400
-75
2 0
2 0
35 15
1
1
150
1,90 0
400
5
-4
10
2 0
2 0
8
8
[0.7 1]
1,90 0
[.3 0.4]
[-70 70]
[0 10]
0
150
400
0
0 -130
0
-60
[200 300]
2
2
[0.3 0.6]
1,90 0
[.5 0.6]
[1 20]
0
150
400
0
0 -60
-90
-120
[200 300]
2
2
[0.3 0.6]
1,90 0
[.5 0.6]
[1 30]
0
150
400
0
0 -60
90
-120
[-200 -300]
2
2
[0.3 0.6]
1,90 0
[.6 0.7]
[1 30]
0
150
400
0
0 -60
-40
-140
[200 300]
2
2
[0.3 0.6]
1,90 0
[.6 0.7]
[1 20]
0
150
400
0
0 -60
40
-140
[-200 -300]
2
2
[0.3 0.6]
1,90 0
[.6 0.8]
[0 10]
0
150
400
0
0 -60
0
-160
[100 200]
1
1
[0.3 0.6]
1,90 0
[.6 0.8]
[0 10]
0
150
400
0
0 -60
0
-100
[-100 -200]
1
1
150
1,80 0
400
-20
2
2
1
1
50
400
1600
1 0
1 .6
1 0
1 .4
20,0 0,5
1,70 0
1,92 0
[.7 .9]
[-35 35]
-14
[50 400]
[30 40]
500
[140 220]
[-720 720]
0.015
0.015
5.0
[40 50]
20
1,70 0
[.5 0.8]
[-35 10]
0
[150 300]
[140 175]
[-720 720]
0.02
0.02
10.0
1 0
1 0
[60 80]
2 4 6 2 0 8 2 6 4
1,70 0
0,0 [.3 .5],10
[-40 -10]
[14 20]
[-100 -700]
-1 0
2 0
2 0
50,70 0,90
0,0 10,40 100,50 0,90
1,70 0
1,92 0
[.7 .9]
[-25 25]
[-30 0]
[100 200] [100 200] [100 200]
[30 40]
200
[120 240]
[-1720 1720]
0.02
0.02
5.0
10
1,97 0
0,0 [.7 .9],10
[-15 25]
[-18 -12]
200
200
[-5 5] [-25 25],50
0 [12 18],50
2 0
2 0
150
[20 80]
[.3 .6] [.4 .8],10 [.5 1],50 [.4 .8],90 [.3 .6]
.8
[0 FastInOutWeak 290]
[0 135]
-.3
[0 -10]
[-2 2]
20
[20 60]
[.3 .6] [.4 .8],20 [.5 1],50 [.4 .8],80 [.3 .6]
.8
[-330 260]
[0 135]
[0 -5]
[-2 2]
40 0
3
1,80 0
[.9 1.1]
1,80 0
[0 10]
[100 120]
[180 210]
[30 60]
200
8
0 [-40 10]
[-1400 1400]
50 0
6
1,80 0
[.9 1.1]
1,80 0
[-30 10]
[-10 30]
[100 120]
[180 210]
[30 60]
200
8
0 [-40 10]
[-600 600]
1
1
.9,70 0
[.4 .6] [.8 1.2]
[0 10]
20
20
[6 10]
1,80 0
[.8 1.2]
[0 10]
[150]
20
20
0.0,40 .1
0.0,40 .1
10
[-200 200]
[6 10]
1,80 0
[.8 1.2]
[0 20]
[150]
30
0.0,40 .1
0.0,40 .1
10
[-200 200]
1
1
.9,70 0
[.4 .6] [.8 1.2]
[0 1]
20
20
[6 10]
1,80 0
[.8 1.2]
[0 2]
[150]
20
20
0.0,40 .1
0.0,40 .1
10
[-200 200]
[6 10]
1,80 0
[.6 0.8]
[0 10]
[50 100]
20
20
0.0,40 .1
0.0,40 .1
3
[-200 200]
1
1
.9,70 0
[.4 .6] [.8 1.2]
[0 10]
20
20
[6 10]
1,80 0
[.8 1.2]
[0 10]
[150]
20
20
0.0,40 .1
0.0,40 .1
10
[-200 200]
1
1
30
30
1600
.5 0
.5
1
1
40
1 [.4 .8],80 0
.3,0 [.4 1.5],10 [.4 1.5],70 0,100
[0 200]
[200]
40
40
5
0
[-600 600]
1
1
.9,70 0
[.4 .6] [.8 1.2]
[0 10]
20
20
[6 10]
1,80 0
.3,0 [.8 1.2],10 [.8 1.2],70 0,100
[0 1]
[150]
30
30
0.0,40 .1
0.0,40 .1
10
[-200 200]
1
1
0,80 0
.2,0 .4,20 .6,80 .2,100
1 .3
0
20
20
0 15
0
[8 12]
[.3 .8],80 0
[.8 1.2],70 0,100
[0 5]
0
20
20
0.0,40 .1
0.0,40 .1
5
0 [-30 20]
0 [20 40]
[-200 200]
20
1 [.4 .8],80 0
.3,0 [.4 1.0],10 [.4 1.0],70 0,100
[0 10]
[10]
20
20
5
0 EaseOut 20
[-600 600]
50
1 0
10
1 Bounce [.7 1]
.5 Bounce [.3 .5]
[60 120]
[-20 -40]
10
1 Bounce [.7 1]
.5 Bounce [.3 .5]
[60 120]
[20 40]
0,2 1,2 4,21
.4 EaseIn 10,10
1500
.7 .9,50
[-41 -70]
.4
270
0,2 1,2 4,21
.4 EaseIn 10,10
1500
.7 .9,50
[-41 -70]
.3
90
0,2 1,2 4,21
.4 EaseIn 10,10
1500
.7 .9,50
[-41 -70]
.2
180
0,2 1,2 4,21
.4 EaseIn 10,10
1500
.7 .9,50
[-41 -70]
.1
0
0,1 1,1 4,20
.4 EaseIn 10,10
1500
.7 .9,50
[-30 -60]
.4
270
0,1 1,1 4,20
.4 EaseIn 10,10
1500
.7 .9,50
[-30 -60]
.3
90
0,1 1,1 4,20
.4 EaseIn 10,10
1500
.7 .9,50
[-30 -60]
.2
180
0,1 1,1 4,20
.4 EaseIn 10,10
1500
.7 .9,50
[-30 -60]
.1
0
0,18 1,18
.1 EaseIn 150,25
1500
1
1
1
0,80 1,80
1
1 25
40
200
.2,50 0
1
1
.8
0,60 1,60
1
1 25
40
200
.2,50 0
1
1
.8
0,40 1,40
1
1 25
40
200
.2,50 0
1
1
.8
1
1
1 25
30
.6,50 0
1
1
.5
.5
1
200
200
.9
20
1,95 0
10
10
1,95 0
[0 50]
20
[1 1.3]
[200 300]
200
200
0
.2 .1,30
.2 .1,30
[-100 100] 0,20
30
30
1,90 0
[0 50]
[1 1.3]
[1300 2000]
[110 250]
[70 80]
90
5
.2 0,30
.2 0,30
[-600 600]
1
70
-30
1,90 0
2
2
1
1
40
40
10 15
.5 0
1
1
.5
50,70 0,90
0,0 10,40 100,50 0,70
1,70 0
1,92 0
[.7 .9]
[-40 40]
[-25 25]
[100 200] [100 200] [100 200]
[30 40]
120
[150 210]
[-1720 1720]
0.02
0.02
5.0
20
1 [.4 .8],80 0
.3,0 [.4 1.0],10 [.4 1.0],70 0,100
[0 10]
[10]
20
20
5
0 EaseOut 20
[-600 600]
50
1 0
[6 8]
[.3 .8],80 0
[.2 .3] [.6 0.8],70 0,100
[0 5]
0
20
20
0.0,40 .1
0.0,40 .1
5
0 [-30 20]
0 [20 40]
[-200 200]
1
0 1,40 0
25
25
35
50,60 0,80
0,0 10,40 100,50 0,90
1,70 0
1,92 0
[.7 .9]
[-25 25]
[-30 0]
[100 200] [100 200] [100 200]
[30 40]
100
[120 240]
[-1720 1720]
0.02
0.02
5.0
6
1,94 0
0,0 [.7 .9],10
[5 15]
[-18 -12]
100
100
[-5 5] [-25 25],50
0 [12 18],50
2 0
2 0
1
200.0
40
1,60 0,100
0.8
[100 120]
17.0
30.0
[-400 -500] 0,40
.3
[-3 -6]
1
80
1,85 0,100
1.1
430.0
[190 220]
10.0
[-720 720]
1
40
-1
100
1
.9
.4
0 EaseInOutWeak 10 EaseInOutWeak 0
25
80
[10 12]
[.6 .8]
.8
[-20 0]
[-70 -10]
25
1 0
[5 10]
1 [.4 .8],80 0
.3,0 [.4 1.5],10 [.4 1.5],70 0,100
[100 150]
50
[-20 0]
[-70 -10]
0 15,40
[-600 600]
30
1 [.4 .8],80 0
.3,0 [.5 .8],20 [.8 1.0],60 0,100
[0 4]
[10]
[40 60]
20
-1
0 -20
0 EaseOut 30
[-800 800] 0
50
1 0
40
-5
0 5,20
5
.9,80 0
[.7 1.1]
.9,80 0
[20 30]
400 0
[-100 100]
1 0
1 0
0
28
0 5,20
5
.9,80 0
[.7 1.1]
.9,80 0
[20 30]
400 0
[-100 100]
1 0
1 0
0
-48
0 5,20
5
.9,80 0
[.7 1.1]
.9,80 0
[20 30]
400 0
[-100 100]
1 0
1 0
-40
-5
0 5,20
5
.9,80 0
[.7 1.1]
.9,80 0
[20 30]
400 0
[-100 100]
1 0
1 0
28
17
0 5,20
5
.9,80 0
[.7 1.1]
.9,80 0
[20 30]
400 0
[-100 100]
1 0
1 0
-28
17
0 5,20
5
.9,80 0
[.7 1.1]
.9,80 0
[20 30]
400 0
[-100 100]
1 0
1 0
34
-34
0 5,20
5
.9,80 0
[.7 1.1]
.9,80 0
[20 30]
400 0
[-100 100]
1 0
1 0
-34
-34
0 5,20
5
.9,80 0
[.7 1.1]
.9,80 0
[20 30]
400 0
[-100 100]
1 0
1 0
1
330.0
180
1,95 0,100
.8
[150 185]
17.0
90.0
[-720 720] 0,40
.3 .3,40 0,50
[-3 -6] 0,40
1
500.0
180
1,95 0,100
.8
[150 170]
17.0
90.0
[-1720 1720] 0,40
.3 .3,40 0,50
[-300 -350] 0,40
10,0 0,5
1,70 0
1,92 0
[.5 .6]
[0 10]
[50 200]
[30 40]
500
[140 220]
[-720 720]
5.0
[6 10] 0,50
1,50 0
0 1.5,10 [1 2]
[0 10]
0
[40 60]
[20 80] 0
[-100 100] 0,50
150
14
1,70 0
.5 .25 0
.8 .4 0
1 .75 0
.5,60 0
1,80 0
[10 50]
[2000 2500]
[40 60]
200
0.15,40 1
0.18,40 1
[-200 200]
1
80
1,90 0,100
.8
[150 170]
600.0
11.0
[-720 720] 0
0 6,10
[-35 35]
30
80
1,90 0,100
[.4 .6]
[130 200]
[600 800]
13.0
[-720 720] 0
0 2,10
[-35 35]
30
80
1,90 0,100
.8
[130 200]
800.0
13.0
[-720 720] 0
0 1,10
80
1,90 0,100
.8
[130 200]
800.0
13.0
[-720 720] 0
150
14
1,70 0
.5 .25 0
.8 .4 0
1 .75 0
[1.2 1.6],60 0
1,80 0
[10 50]
[500 1200]
[40 60]
200
0.12,40 1
0.18,40 1
[-200 200]
150
14
1,70 0
.5 .25 0
.8 .4 0
1 .75 0
.5,60 0
1,80 0
[10 50]
100
[2000 2500]
[40 60]
200
0.15,40 1
0.18,40 1
[-200 200]
1
80
1,90 0,100
.8
100
[150 170]
600.0
11.0
270
[-720 -300] 0
0 6,10
[65 135]
30
80
1,90 0,100
[.4 .6]
[130 200]
[600 800]
13.0
[-720 720] 0
0 2,10
[-15 15]
[-20 80]
100
80
1,90 0,100
.8
[130 200]
800.0
13.0
[-720 720] 0
0 1,10
80
1,90 0,100
.8
100
[130 200]
800.0
13.0
[-720 720] 0
150
14
1,70 0
.5 .25 0
.8 .4 0
1 .75 0
[1.2 1.6],60 0
1,80 0
[10 50]
100
[500 1200]
[40 60]
200
0.18,40 1
0.12,40 1
[-200 200]
150
14
1,70 0
.55 .22 0
.3 0
.2 0
.5,60 0
1,80 0
[10 50]
[2000 2500]
[40 60]
200
0.15,40 1
0.18,40 1
[-200 200]
0 1,10
[-35 35]
30
80
1,90 0,100
.8
[130 200]
600.0
13.0
[-720 720] 0
0 6,10
[-35 35]
30
80
1,90 0,100
[.4 .6]
[130 200]
600.0
13.0
[-720 720] 0
1
80
1,90 0,100
.8
[130 200]
[550 650]
13.0
[-720 720] 0
0 3,30
80
1,90 0,100
.8
[130 200]
500.0
11.0
[-720 720] 0
150
14
1,70 0
.55 .22 0
.3 0
.2 0
[1.2 1.6],60 0
1,80 0
[10 50]
[500 1200]
[40 60]
200
0.12,40 1
0.18,40 1
[-200 200]
150
3
1,70 0
.5
.55
.45
.5,60 0
1,80 0
[10 50]
[2000 2500]
[40 60]
200
0.30,40 1
0.24,40 1
[-200 200]
150
10
1,70 0
.5
.55
.45
[0.6 0.8],60 0
1,80 0
[10 50]
[400 700]
[40 60]
200
0.20,40 1
0.10,40 1
[-200 200]
20
1 [.4 .8],80 0
.6,0 [.4 1.0],10 [.8 2.0],70 0,100
60
[0 30]
[10]
40
3
0 EaseOut 20
[-600 600]
50
1 0
1
100
1,80 0
1
40
100
1
.9
.4
-11
0 EaseInOutWeak 10 EaseInOutWeak 0
25
50
1,80 0
[.2 .5]
[1 50]
[300 600]
50
50
1
.9
[0 .4]
0.05
0.05
5.0
[-720 720] [-90 90],80
20
50
1,80 0
[.2 .5]
[1 50]
[300 600]
50
50
1
1
[.6 .8]
0.05
0.05
5.0
[-720 720] [-90 90],80
5
50
1,80 0
[.2 .4]
[1 50]
[300 600]
50
50
1
[.6 .7]
0
0.05
0.05
5.0
[-720 720] [-90 90],80
1
1,70 0,90
.3 1.2
60
200
0,20 10,40
10
0 1,20
[0.6 .8] [1.2 1.5]
1,60 0
[1 10]
60
60
[300 400]
[-140 -70]
[100 150]
1
330.0
180
180
1,95 0,100
.8
[190 220]
17.0
0.0
[-720 720] 0,30
.3 .3,40 0,50
1
340.0
60
1,90 0,100
.8
[190 220]
15.0
0.0
-90
[-180 -360] 0,40
.5
15
30
1
50
1,80 0,100
.8
5
330.0
[150 185]
17.0
[-720 720] 0,40
40
40
30
250
1,80 0
.1 [0.8 1.2],50
[-40 40]
[-10 40]
[-50 50]
[0 10]
0 [-70 -100]
0 [-10 30]
40
40
[15 25]
250
1,80 0
.1 [0.8 1.2],50
[-40 40]
[-10 40]
[-30 30]
[0 10]
0 [-70 -100]
0 [-10 30]
20
1 [.6 .9],80 0
.3,0 [.4 1.5],10 [.6 2]
[0 20]
[200]
40
40
100 [400 800]
[50 100] [100 300]
60
-300
80
1 [.6 .9],80 0
.3,0 [.4 1.5],10 [.6 2],70 0,100
[0 100]
[200]
40
40
5
0
[-600 600]
1
1
[500 600]
0 1,5 1,95 0
.1 [.5 1.5],20
1
1
[500 600]
0 1,5 1,95 0
.1 [.5 1.1],20
15,80 0
[10 40]
400
1,80 0
1,80 0
[.2 0.7]
[0 30]
[15 60] [10 30]
[120 240]
[-50 50] 0
0 [1 3],10
[-35 35]
0
80
1,90 0,100
[.7 .9]
[130 200]
600.0
13.0
[-720 720] 0
1
50
.5,50 0
.7 .9,50 1
1
50
1,80 0
.7 .8,30 .85
1
50
0 1,30 1,80 0
[.5 .7] [.65 .85],50 [.7 .9]
0 [-20 20] 0
1
1
50
50
1600
[.2 .2] 0
1
[.5 1]
.1
1
1
50
50
1600
.5 0
1
1
[.8]
.5
[70 100]
[1 1]
0 1,20 1,80 0
0 -100 0
[0 40]
.9
[80 150]
[1 1]
0 1,20 1,80 0
0 -100 0
[0 40]
130
20
0 1 1 0
[.1 EaseIn 0.5]
[.5 1]
[0 30]
30
[40 100]
[50 100]
0 EaseOut 10
0 [-5 5]
20
0 1 1 0
[.1 EaseIn 0.5]
[.5 1]
[20 40]
[10 110]
[100 400]
0 4
0 [-.5 .5]
1
[100 150]
1 .5 1
.85
4
30
0 .5,30 .5,70 0
[.7 .9]
[40 50]
0
20
[40 70]
[30 60]
[90 270]
0.015
0.015
1.0
1
[100 150]
1 .5 1
.85
2
30
0 .5,30 .5,70 0
[.7 .9]
[40 50]
0
20
[40 70]
[30 60]
[90 270]
0.015
0.015
1.0
30
0 1,30 1,70 0
[.7 .9]
[40 50]
0
20
[40 70]
[30 60]
[90 270]
0.015
0.015
1.0
20
0,0 .7,10 .7,85 0
[.3 .6] [.4 .8] [.3 .6]
30
[100 110]
40
180
0.0,40 .1
0.0,40 .1
16
16
1,90 0
[-10 40]
[0 70]
[40 80]
[.8 .9]
100
7.0
[65.0 78.0]
.4,40 0,50
0
[-1120 1120] 0,50
16
16
1,90 0
[-10 40]
[0 70]
[40 80]
[.8 .9]
100
7.0
[65.0 78.0]
.4,40 0,50
0
[-1120 1120] 0,50
16
16
1,90 0
[-10 40]
[0 70]
[40 80]
[.8 .9]
100
7.0
[65.0 78.0]
.4,40 0,50
0
[-1120 1120] 0,50
1
100
100
1
1
62
1
40
100
1
.9
.4
0 EaseInOutWeak 10 EaseInOutWeak 0
1
1
[.6 0.8]
[0 5]
60
1
500.0
120
1,95 0,100
.8
[150 170]
17.0
90.0
[-1720 1720] 0,40
.3 .3,40 0,50
[-300 -350] 0,40
1
500.0
180
1,95 0,100
.8
[150 170]
17.0
90.0
[-1720 1720] 0,40
.3 .3,40 0,50
[-300 -350] 0,40
[10 15]
[0 70]
180
1,95 0,100
.8
[200 500]
[130 190]
17.0
90.0
[-720 720] 0,40
.3 .3,40 0,50
[-10 -50] 0,40
12
[.3 .8],20 0
[.2 .3] [.6 .8],70
[-5 35]
[0 4]
30
0,20 EaseOut [-10 0]
0 EaseOut [10 40]
[-200 200]
12
[.3 .8],20 0
[.2 .3] [.6 .8],70
[-35 5]
[0 4]
30
0,20 EaseOut [-10 0]
0 EaseOut [-10 -40]
[-200 200]
[6 8]
[.4 .6],20 0
[.2 .3] [.6 .8],70
[0 10]
[0 4]
20
.5
.4
.1
0 EaseOut [-10 0]
0 EaseOut [10 20]
[-200 200]
10
[6 10]
0 1,.4 1,99.5 0
0 [.6 1.2],.5
[-40 40]
[-10 10]
18000
18500
0 -10,.5
1
1
6
1600
.5
1
1
1
1 5,90
.4 EaseIn 20,100
100
.7 .9,50 .9,70 0,80
-60
.4
270
1 5,90
.4 EaseIn 20,100
100
.7 .9,50 .9,70 0,80
-60
.3
90
1 5,90
.4 EaseIn 20,100
100
.7 .9,50 .9,70 0,80
-60
.2
180
1 5,90
.4 EaseIn 20,100
100
.7 .9,50 .9,70 0,80
-60
.1
0
0 5,70
.4 EaseIn 30,100
100
.7 .9,50 .9,70 0,80
-45
.4
290
0 5,70
.4 EaseIn 30,100
100
.7 .9,50 .9,70 0,80
-45
.3
110
0 5,70
.4 EaseIn 30,100
100
.7 .9,50 .9,70 0,80
-45
.2
200
0 5,70
.4 EaseIn 30,100
100
.7 .9,50 .9,70 0,80
-45
.1
20
0,18 1,18
.1 100,80
120
0 1,60 1,75 0
1
1
1
0,20 1,20
1
1 25
40
100
.2,50 0
1
1
.9
.4
1
1
1 25
30
.6,50 0
1
1
.9
.4
.5 EaseIn 8
10,0 10,10 20,10 20,20 30,20
30
0 1,20 1,90 0
0 1,10 1,45 0,55
10
80
200
200 1500
200
.5 EaseIn 8
0,5 11,5 11,15 27,15 27,25 38,25
38
0 1,20 1,90 0
0 1,10 1,45 0,55
10
80
200
200 1500
300
25
50
1,80 0
[.1 .3]
[1 75]
[500 1800]
50
50
1
.9
[0 .4]
0.05
0.05
0.5
[-720 720] [-90 90],80
20
50
1,80 0
[.1 .3]
[1 75]
[500 1800]
50
50
1
1
[.6 .8]
0.05
0.05
0.5
[-720 720] [-90 90],80
5
50
1,80 0
[.1 .3]
[1 75]
[500 1800]
50
50
1
[.6 .7]
0
0.05
0.05
0.5
[-720 720] [-90 90],80
15
0 .7,20 [.4 .7],70 0
.2,0 [.3 .4],40 [.35 .45]
[0 10]
[10]
100
100
0 EaseOut [140 150]
0 [20 100] [-20 200]
[-100 100]
1
40
1.2
100
1
.9
.4
0 EaseInOutWeak 10 EaseInOutWeak 0
25
80